depth,dtb,radius,od,incl,hdng,x,y,dx,dy,dz,fx,fy,fz,friction,fn,fs
264.9999999999999,0.0,4.5,4.5,40.0,59.99999999999999,0.0,0.0,0.0,0.0,-0.0,974.00558,-0.00139,-143.11172,0.0,-29856.88828,0.0
260.9090909090908,4.090909090909091,4.499999999999999,3.5,40.0,59.99999999999999,0.0,0.0,-0.3163,0.0,-0.0016,-0.0,-0.0,-286.22343,0.0,-29570.66485,0.0
256.8181818181817,8.181818181818182,4.5,3.5,40.0,59.99999999999999,0.0,0.0,-0.5971,0.0,-0.0031,-0.0,-0.0,-286.22343,0.0,-29284.44142,0.0
252.7272727272726,12.272727272727273,4.5,3.5,40.0,59.99999999999999,0.0,0.0,-0.8147,0.0,-0.0046,-0.0,-0.0,-286.22343,0.0,-28998.21799,0.0
248.6363636363635,16.363636363636363,4.5,3.5,40.0,59.99999999999999,0.0,0.0,-0.9516,0.0,-0.0061,-0.0,-0.0,-286.22343,0.0,-28711.99455,0.0
244.54545454545442,20.454545454545457,4.5,3.5,40.0,59.99999999999999,0.0,0.0,-1.0,0.0,-0.0076,230.46608,-0.00052,-286.22343,0.0,-28425.77112,0.0
240.45454545454535,24.545454545454547,4.5,3.5,40.0,59.99999999999999,0.0,0.0,-0.9614,0.0,-0.0091,-0.0,-0.0,-286.22343,0.0,-28139.54769,0.0
236.36363636363626,28.636363636363637,4.5,3.5,40.0,59.99999999999999,0.0,0.0,-0.842,0.0,-0.0106,-0.0,-0.0,-286.22343,0.0,-27853.32425,0.0
232.27272727272717,32.72727272727273,4.5,3.5,40.0,59.99999999999999,0.0,0.0,-0.6569,0.0,-0.012,-0.0,-0.0,-286.22343,0.0,-27567.10082,0.0
228.18181818181804,36.81818181818182,4.5,3.5,40.0,59.99999999999999,0.0,0.0,-0.4308,0.0,-0.0134,-0.0,-0.0,-286.22343,0.0,-27280.87739,0.0
224.09090909090898,40.909090909090914,4.5,3.5,40.0,59.99999999999999,0.0,0.0,-0.1976,0.0,-0.0149,-0.0,-0.0,-286.22343,0.0,-26994.65396,0.0
219.9999999999999,45.00000000000001,4.5,4.5,40.0,59.99999999999999,0.0,0.0,0.0,0.0,-0.0163,2382.66621,-0.00107,-274.29746,0.0,-26720.3565,0.0
216.2499999999999,48.75000000000001,4.5,3.5,40.0,59.99999999999999,0.0,0.0,0.1179,-0.0,-0.0175,-0.0,-0.0,-262.37148,0.0,-26457.98502,0.0
212.4999999999999,52.50000000000001,4.5,3.5,40.0,59.99999999999999,0.0,0.0,0.1845,-0.0,-0.0188,-0.0,-0.0,-262.37148,0.0,-26195.61354,0.0
208.7499999999999,56.25000000000001,4.5,3.5,40.0,59.99999999999999,0.0,0.0,0.2156,-0.0,-0.02,-0.0,-0.0,-262.37148,0.0,-25933.24206,0.0
204.9999999999999,60.00000000000001,4.5,3.5,40.0,59.99999999999999,0.0,0.0,0.2214,-0.0,-0.0213,-0.0,-0.0,-262.37148,0.0,-25670.87058,0.0
201.2499999999999,63.75000000000001,4.5,3.5,40.0,59.99999999999999,0.0,0.0,0.2066,-0.0,-0.0225,-0.0,-0.0,-262.37148,0.0,-25408.4991,0.0
197.4999999999999,67.50000000000001,4.5,3.5,40.0,59.99999999999999,0.0,0.0,0.1701,-0.0,-0.0237,-0.0,-0.0,-262.37148,0.0,-25146.12762,0.0
193.7499999999999,71.25000000000001,4.5,3.5,40.0,60.00000000000001,0.0,6.422738437959879e-15,0.1053,-0.0,-0.0249,-0.0,-0.0,-262.37148,0.0,-24883.75614,0.0
189.9999999999999,75.00000000000001,4.5,4.5,40.0,59.99999999999999,0.0,1.2845476875919758e-14,0.0,0.0,-0.0261,1987.90316,-0.00068,-274.29746,0.0,-24609.45868,0.0
185.90909090909076,79.09090909090911,4.5,3.5,40.0,59.99999999999998,0.0,5.838853125418067e-15,-0.1703,0.0,-0.0274,-0.0,-0.0,-286.22343,0.0,-24323.23525,0.0
181.81818181818167,83.1818181818182,4.5,3.5,40.0,59.99999999999999,0.0,-1.1677706250836235e-15,-0.37,0.0,-0.0287,-0.0,-0.0,-286.22343,0.0,-24037.01182,0.0
177.7272727272726,87.2727272727273,4.5,3.5,40.0,59.99999999999999,0.0,-1.1677706250836235e-15,-0.5667,0.0,-0.0299,-0.0,-0.0,-286.22343,0.0,-23750.78838,0.0
173.6363636363635,91.36363636363637,4.5,3.5,40.0,59.99999999999999,0.0,-1.1677706250836235e-15,-0.737,0.0,-0.0311,-0.0,-0.0,-286.22343,0.0,-23464.56495,0.0
169.54545454545442,95.45454545454545,4.5,3.5,40.0,59.99999999999999,0.0,-1.1677706250836235e-15,-0.8663,0.0,-0.0324,-0.0,-0.0,-286.22343,0.0,-23178.34152,0.0
165.45454545454535,99.54545454545455,4.5,3.5,40.0,59.99999999999999,0.0,-1.1677706250836235e-15,-0.9491,0.0,-0.0336,-0.0,-0.0,-286.22343,0.0,-22892.11808,0.0
161.36363636363626,103.63636363636363,4.5,3.5,40.0,59.99999999999999,0.0,-1.1677706250836235e-15,-0.9893,0.0,-0.0348,-0.0,-0.0,-286.22343,0.0,-22605.89465,0.0
157.27272727272717,107.7272727272727,4.5,3.5,40.0,59.99999999999999,0.0,-1.1677706250836235e-15,-1.0,0.0,-0.0359,552.96238,-0.00105,-286.22343,0.0,-22319.67122,0.0
153.1818181818181,111.8181818181818,4.5,3.5,40.0,59.99999999999999,0.0,-1.1677706250836235e-15,-1.0,0.0,-0.0371,632.90938,-0.00101,-286.22343,0.0,-22033.44779,0.0
149.090909090909,115.90909090909088,4.5,3.5,40.0,59.99999999999998,0.0,-8.174394375585297e-15,-1.0,0.0,-0.0382,175.81311,-0.00022,-286.22343,0.0,-21747.22435,0.0
144.99999999999991,119.99999999999996,4.5,3.5,40.0,59.99999999999999,0.0,-1.5181018126086972e-14,-1.0,0.0,-0.0394,104.86714,-9.0e-5,-286.22343,0.0,-21461.00092,0.0
140.90909090909085,124.09090909090905,4.5,3.5,40.0,59.99999999999999,0.0,-1.5181018126086972e-14,-1.0,0.0,-0.0405,845.72667,-0.00031,-286.22343,0.0,-21174.77749,0.0
136.81818181818176,128.18181818181813,4.5,3.5,40.0,59.99999999999999,0.0,-1.5181018126086972e-14,-1.0,-0.0,-0.0416,313.0327,3.0e-5,-286.22343,0.0,-20888.55405,0.0
132.72727272727266,132.27272727272722,4.5,3.5,40.0,60.00000000000001,0.0,-8.174394375585297e-15,-0.9861,-0.0,-0.0427,-0.0,-0.0,-286.22343,0.0,-20602.33062,0.0
128.6363636363636,136.3636363636363,4.5,3.5,40.0,59.99999999999999,0.0,-1.1677706250836227e-15,-0.9408,-0.0,-0.0437,-0.0,-0.0,-286.22343,0.0,-20316.10719,0.0
124.5454545454545,140.45454545454538,4.5,3.5,40.0,59.99999999999999,0.0,-1.1677706250836227e-15,-0.8535,-0.0,-0.0448,-0.0,-0.0,-286.22343,0.0,-20029.88376,0.0
120.45454545454542,144.54545454545448,4.5,3.5,40.0,59.99999999999999,0.0,-1.1677706250836227e-15,-0.723,-0.0,-0.0458,-0.0,-0.0,-286.22343,0.0,-19743.66032,0.0
116.36363636363633,148.63636363636354,4.5,3.5,40.0,59.99999999999999,0.0,-1.1677706250836227e-15,-0.557,-0.0,-0.0469,-0.0,-0.0,-286.22343,0.0,-19457.43689,0.0
112.27272727272725,152.72727272727263,4.5,3.5,40.0,59.99999999999999,0.0,-1.1677706250836227e-15,-0.3722,-0.0,-0.0479,-0.0,-0.0,-286.22343,0.0,-19171.21346,0.0
108.18181818181817,156.81818181818173,4.5,3.5,40.0,59.99999999999999,0.0,-1.1677706250836227e-15,-0.1939,-0.0,-0.0489,-0.0,-0.0,-286.22343,0.0,-18884.99002,0.0
104.09090909090908,160.9090909090908,4.5,3.5,40.0,59.99999999999999,0.0,-1.1677706250836227e-15,-0.0559,-0.0,-0.0499,-0.0,-0.0,-286.22343,0.0,-18598.76659,0.0
100.0,164.9999999999999,4.5,4.5,40.0,59.99999999999999,0.0,-1.1677706250836227e-15,0.0,0.0,-0.0508,2979.54621,-0.00278,-283.04317,0.0,-18315.72342,0.0
96.0,168.9999999999999,4.5,3.5,40.0,59.99999999999999,0.0,-1.1677706250836227e-15,-0.0552,0.0,-0.0518,-0.0,-0.0,-279.86291,0.0,-18035.86051,0.0
92.0,172.9999999999999,4.5,3.5,40.0,59.99999999999999,0.0,-1.1677706250836227e-15,-0.1896,0.0,-0.0527,-0.0,-0.0,-279.86291,0.0,-17755.9976,0.0
88.0,176.9999999999999,4.5,3.5,40.0,59.99999999999999,0.0,-1.1677706250836227e-15,-0.3637,0.0,-0.0536,-0.0,-0.0,-279.86291,0.0,-17476.13468,0.0
84.0,180.9999999999999,4.5,3.5,40.0,59.99999999999999,0.0,-1.1677706250836227e-15,-0.5455,0.0,-0.0545,-0.0,-0.0,-279.86291,0.0,-17196.27177,0.0
80.0,184.9999999999999,4.5,3.5,40.0,59.99999999999999,0.0,-1.1677706250836227e-15,-0.7107,0.0,-0.0553,-0.0,-0.0,-279.86291,0.0,-16916.40886,0.0
76.0,188.9999999999999,4.5,3.5,40.0,59.99999999999999,0.0,-1.1677706250836227e-15,-0.8428,0.0,-0.0562,-0.0,-0.0,-279.86291,0.0,-16636.54595,0.0
72.0,192.9999999999999,4.5,3.5,40.0,59.99999999999999,0.0,-1.1677706250836227e-15,-0.9336,0.0,-0.057,-0.0,-0.0,-279.86291,0.0,-16356.68303,0.0
68.0,196.9999999999999,4.5,3.5,40.0,59.99999999999999,0.0,-1.1677706250836227e-15,-0.9832,0.0,-0.0579,-0.0,-0.0,-279.86291,0.0,-16076.82012,0.0
64.0,200.9999999999999,4.5,3.5,40.0,59.99999999999999,0.0,-1.1677706250836227e-15,-1.0,0.0,-0.0587,57.42229,-0.00027,-279.86291,0.0,-15796.95721,0.0
60.0,204.9999999999999,4.5,3.5,40.0,59.99999999999999,0.0,-1.1677706250836227e-15,-1.0,0.0,-0.0595,1097.60216,-0.005,-279.86291,0.0,-15517.0943,0.0
56.0,208.9999999999999,4.5,3.5,40.0,59.99999999999999,0.0,-1.1677706250836227e-15,-1.0,0.0,-0.0603,3.65825,-2.0e-5,-279.86291,0.0,-15237.23139,0.0
52.0,212.9999999999999,4.5,3.5,40.0,59.99999999999999,0.0,-1.1677706250836227e-15,-1.0,0.0,-0.0611,296.77492,-0.00124,-279.86291,0.0,-14957.36847,0.0
48.0,216.9999999999999,4.5,3.5,40.0,59.99999999999999,0.0,-1.1677706250836227e-15,-1.0,0.0,-0.0618,218.23581,-0.00087,-279.86291,0.0,-14677.50556,0.0
44.0,220.9999999999999,4.5,3.5,40.0,59.99999999999999,0.0,-1.1677706250836227e-15,-1.0,0.0,-0.0626,239.27996,-0.0009,-279.86291,0.0,-14397.64265,0.0
40.0,224.9999999999999,4.5,3.5,40.0,59.99999999999999,0.0,-1.1677706250836227e-15,-1.0,0.0,-0.0633,233.64129,-0.00083,-279.86291,0.0,-14117.77974,0.0
36.0,228.9999999999999,4.5,3.5,40.0,59.99999999999999,0.0,-1.1677706250836227e-15,-1.0,0.0,-0.064,235.15214,-0.00078,-279.86291,0.0,-13837.91683,0.0
32.0,232.9999999999999,4.5,3.5,40.0,59.99999999999999,0.0,-1.1677706250836227e-15,-1.0,0.0,-0.0647,234.74732,-0.00072,-279.86291,0.0,-13558.05391,0.0
28.0,236.9999999999999,4.5,3.5,40.0,59.99999999999999,0.0,-1.1677706250836227e-15,-1.0,0.0,-0.0654,234.85579,-0.00066,-279.86291,0.0,-13278.191,0.0
24.0,240.9999999999999,4.5,3.5,40.0,59.99999999999999,0.0,-1.1677706250836227e-15,-1.0,0.0,-0.0661,234.82672,-0.00058,-279.86291,0.0,-12998.32809,0.0
20.0,244.9999999999999,4.5,3.5,40.0,59.99999999999999,0.0,-1.1677706250836227e-15,-1.0,0.0,-0.0668,234.83451,-0.0005,-279.86291,0.0,-12718.46518,0.0
16.0,248.9999999999999,4.5,3.5,40.0,59.99999999999999,0.0,-1.1677706250836227e-15,-1.0,0.0,-0.0674,234.83243,-0.00041,-279.86291,0.0,-12438.60226,0.0
12.0,252.9999999999999,4.5,3.5,40.0,59.99999999999999,0.0,-1.1677706250836227e-15,-1.0,0.0,-0.068,234.83298,-0.00031,-279.86291,0.0,-12158.73935,0.0
8.0,256.9999999999999,4.5,3.5,40.0,59.99999999999999,0.0,-1.1677706250836227e-15,-1.0,0.0,-0.0687,234.83283,-0.00021,-279.86291,0.0,-11878.87644,0.0
4.0,260.9999999999999,4.5,3.5,40.0,59.99999999999999,0.0,-1.1677706250836227e-15,-1.0,0.0,-0.0693,234.83287,-0.00011,-279.86291,0.0,-11599.01353,0.0
0.0,264.9999999999999,4.5,3.5,40.0,59.99999999999999,0.0,-1.1677706250836227e-15,-1.0,0.0,-0.0698,117.41643,-0.00013,-11599.01353,0.0,-11459.08207,0.0
