depth,dtb,radius,od,incl,hdng,x,y,dx,dy,dz,fx,fy,fz,friction,fn,fs
264.9999999999999,0.0,4.5,4.5,40.0,59.99999999999999,0.0,0.0,0.0,0.0,-0.0,-1.0e-5,-0.00051,-143.11172,0.0,-39856.88828,0.0
260.9090909090908,4.090909090909091,4.499999999999999,3.5,40.12166302612769,59.99999999999999,-0.05212030872120632,0.0,-0.4161,0.0,-0.0021,-0.0,-0.0,-285.71281,0.0,-39571.17548,0.0
256.8181818181817,8.181818181818182,4.5,3.5,40.243326052255384,59.99999999999999,-0.20848099987893054,0.0,-0.7202,0.0,-0.0041,-0.0,-0.0,-285.20089,0.0,-39285.97459,0.0
252.7272727272726,12.272727272727273,4.5,3.5,40.36498907838308,59.99999999999999,-0.469081368456494,0.0,-0.9121,0.0,-0.0062,-0.0,-0.0,-284.68769,0.0,-39001.2869,0.0
248.6363636363635,16.363636363636363,4.5,3.5,40.486652104510775,59.99999999999999,-0.8339202394296688,0.0,-1.0,0.0,-0.0082,194.89618,-0.00021,-284.17321,0.0,-38717.11369,0.0
244.54545454545442,20.454545454545457,4.5,3.5,40.608315130638466,59.99999999999999,-1.3029959677719236,0.0,-1.0,0.0,-0.0102,579.78236,-0.00069,-283.65744,0.0,-38433.45625,0.0
240.45454545454535,24.545454545454547,4.5,3.5,40.729978156766165,59.99999999999999,-1.876306438461882,0.0,-0.9282,0.0,-0.0122,-0.0,-0.0,-283.14039,0.0,-38150.31586,0.0
236.36363636363626,28.636363636363637,4.5,3.5,40.85164118289386,59.99999999999999,-2.5538490664928277,0.0,-0.7937,0.0,-0.0142,-0.0,-0.0,-282.62207,0.0,-37867.69378,0.0
232.27272727272717,32.72727272727273,4.5,3.5,40.97330420902155,59.99999999999999,-3.3356207968843865,0.0,-0.6098,0.0,-0.0162,-0.0,-0.0,-282.10248,0.0,-37585.5913,0.0
228.18181818181804,36.81818181818182,4.5,3.5,41.09496723514924,59.99999999999999,-4.221618104696278,0.0,-0.3971,0.0,-0.0181,-0.0,-0.0,-281.58161,0.0,-37304.00969,0.0
224.09090909090898,40.909090909090914,4.5,3.5,41.21663026127694,59.99999999999999,-5.21183699504424,0.0,-0.1827,0.0,-0.0201,-0.0,-0.0,-281.05947,0.0,-37022.95022,0.0
219.9999999999999,45.00000000000001,4.5,4.5,41.33829328740463,59.99999999999999,-6.306273003117996,0.0,0.0,0.0,-0.022,1737.2703,0.00093,-268.84706,0.0,-36754.10316,0.0
216.2499999999999,48.75000000000001,4.5,3.5,41.449817728021685,59.99999999999999,-7.401053614436486,0.0,0.1147,-0.0,-0.0237,-0.0,-0.0,-256.71724,0.0,-36497.38592,0.0
212.4999999999999,52.50000000000001,4.5,3.5,41.56134216863873,59.99999999999999,-8.583397262101204,0.0,0.1848,-0.0,-0.0255,-0.0,-0.0,-256.27544,0.0,-36241.11048,0.0
208.7499999999999,56.25000000000001,4.5,3.5,41.672866609255784,59.99999999999999,-9.85329946652049,0.0,0.2208,-0.0,-0.0272,-0.0,-0.0,-255.83267,0.0,-35985.2778,0.0
204.9999999999999,60.00000000000001,4.5,3.5,41.78439104987283,59.99999999999999,-11.210755416366148,0.0,0.2299,-0.0,-0.0289,-0.0,-0.0,-255.38894,0.0,-35729.88887,0.0
201.2499999999999,63.75000000000001,4.5,3.5,41.895915490489884,59.99999999999999,-12.655759968591676,0.0,0.2152,-0.0,-0.0306,-0.0,-0.0,-254.94423,0.0,-35474.94463,0.0
197.4999999999999,67.50000000000001,4.5,3.5,42.00743993110693,59.99999999999999,-14.188307648451769,0.0,0.1759,-0.0,-0.0323,-0.0,-0.0,-254.49856,0.0,-35220.44607,0.0
193.7499999999999,71.25000000000001,4.5,3.5,42.11896437172398,60.00000000000001,-15.80839264952304,6.694144753287889e-15,0.1071,-0.0,-0.034,-0.0,-0.0,-254.05193,0.0,-34966.39414,0.0
189.9999999999999,75.00000000000001,4.5,4.5,42.23048881234103,59.99999999999999,-17.516008833726012,1.3402715971613287e-14,0.0,-0.0,-0.0357,1586.27412,-0.00222,-265.1318,0.0,-34701.26234,0.0
185.90909090909076,79.09090909090911,4.5,3.5,42.35215183846873,59.99999999999998,-19.478684253281134,6.067850966565981e-15,-0.1663,0.0,-0.0375,-0.0,-0.0,-276.1254,0.0,-34425.13695,0.0
181.81818181818167,83.1818181818182,4.5,3.5,42.47381486459642,59.99999999999999,-21.545512462595553,-1.2841194030055223e-15,-0.3593,0.0,-0.0393,-0.0,-0.0,-275.59028,0.0,-34149.54667,0.0
177.7272727272726,87.2727272727273,4.5,3.5,42.59547789072411,59.99999999999999,-23.716484142521878,-1.2841194030055223e-15,-0.5506,0.0,-0.041,-0.0,-0.0,-275.05392,0.0,-33874.49275,0.0
173.6363636363635,91.36363636363637,4.5,3.5,42.71714091685181,59.99999999999999,-25.99158950433889,-1.2841194030055223e-15,-0.7189,0.0,-0.0428,-0.0,-0.0,-274.51632,0.0,-33599.97643,0.0
169.54545454545442,95.45454545454545,4.5,3.5,42.8388039429795,59.99999999999999,-28.370818289795757,-1.2841194030055223e-15,-0.8502,0.0,-0.0446,-0.0,-0.0,-273.97748,0.0,-33325.99896,0.0
165.45454545454535,99.54545454545455,4.5,3.5,42.960466969107195,59.99999999999999,-30.854159771158212,-1.2841194030055223e-15,-0.9383,0.0,-0.0463,-0.0,-0.0,-273.4374,0.0,-33052.56155,0.0
161.36363636363626,103.63636363636363,4.5,3.5,43.082129995234894,59.99999999999999,-33.441602751256994,-1.2841194030055223e-15,-0.985,0.0,-0.048,-0.0,-0.0,-272.8961,0.0,-32779.66545,0.0
157.27272727272717,107.7272727272727,4.5,3.5,43.203793021362586,59.99999999999999,-36.13313556353827,-1.2841194030055223e-15,-1.0,0.0,-0.0497,165.10653,-0.00062,-272.35356,0.0,-32507.31189,0.0
153.1818181818181,111.8181818181818,4.5,3.5,43.32545604749028,59.99999999999999,-38.928746072116276,-1.2841194030055223e-15,-1.0,0.0,-0.0514,883.54147,-0.00316,-271.8098,0.0,-32235.5021,0.0
149.090909090909,115.90909090909088,4.5,3.5,43.44711907361797,59.99999999999998,-41.82842167182804,-8.771732863550828e-15,-1.0,0.0,-0.0531,78.52677,-0.00026,-271.2648,0.0,-31964.23729,0.0
144.99999999999991,119.99999999999996,4.5,3.5,43.56878209974567,59.99999999999999,-44.83214928829021,-1.6276150585556487e-14,-1.0,0.0,-0.0547,33.74521,-0.0001,-270.71859,0.0,-31693.5187,0.0
140.90909090909085,124.09090909090905,4.5,3.5,43.69044512587336,59.99999999999999,-47.93991537795798,-1.6276150585556487e-14,-1.0,0.0,-0.0564,1028.05391,-0.00285,-270.17116,0.0,-31423.34755,0.0
136.81818181818176,128.18181818181813,4.5,3.5,43.81210815200105,59.99999999999999,-51.151705928186196,-1.6276150585556487e-14,-1.0,0.0,-0.058,34.62267,-9.0e-5,-269.6225,0.0,-31153.72504,0.0
132.72727272727266,132.27272727272722,4.5,3.5,43.93377117812875,60.00000000000001,-54.46750645729251,-8.721523402056565e-15,-0.9828,0.0,-0.0596,-0.0,-0.0,-269.07263,0.0,-30884.65241,0.0
128.6363636363636,136.3636363636363,4.5,3.5,44.05543420425644,59.99999999999999,-57.887302014622705,-1.1502277572320371e-15,-0.9321,0.0,-0.0612,-0.0,-0.0,-268.52155,0.0,-30616.13086,0.0
124.5454545454545,140.45454545454538,4.5,3.5,44.177097230384135,59.99999999999999,-61.411077180618065,-1.1502277572320371e-15,-0.8397,0.0,-0.0628,-0.0,-0.0,-267.96926,0.0,-30348.1616,0.0
120.45454545454542,144.54545454545448,4.5,3.5,44.29876025651183,59.99999999999999,-65.03881606688493,-1.1502277572320371e-15,-0.7057,0.0,-0.0644,-0.0,-0.0,-267.41576,0.0,-30080.74584,0.0
116.36363636363633,148.63636363636354,4.5,3.5,44.420423282639526,59.99999999999999,-68.77050231626635,-1.1502277572320371e-15,-0.5388,0.0,-0.066,-0.0,-0.0,-266.86105,0.0,-29813.88479,0.0
112.27272727272725,152.72727272727263,4.5,3.5,44.54208630876722,59.99999999999999,-72.6061191029158,-1.1502277572320371e-15,-0.3561,0.0,-0.0675,-0.0,-0.0,-266.30514,0.0,-29547.57964,0.0
108.18181818181817,156.81818181818173,4.5,3.5,44.66374933489491,59.99999999999999,-76.54564913237304,-1.1502277572320371e-15,-0.1825,0.0,-0.0691,-0.0,-0.0,-265.74803,0.0,-29281.83161,0.0
104.09090909090908,160.9090909090908,4.5,3.5,44.78541236102261,59.99999999999999,-80.58907464164217,-1.1502277572320371e-15,-0.0506,-0.0,-0.0706,-0.0,-0.0,-265.18972,0.0,-29016.64189,0.0
100.0,164.9999999999999,4.5,4.5,44.9070753871503,59.99999999999999,-84.73637739927163,-1.1502277572320371e-15,0.0,0.0,-0.0721,2787.1378,-0.00325,-261.68988,0.0,-28754.952,0.0
96.0,168.9999999999999,4.5,3.5,45.02603479047516,59.99999999999999,-88.89194021652023,-1.1502277572320371e-15,-0.0575,0.0,-0.0736,-0.0,-0.0,-258.21351,0.0,-28496.7385,0.0
92.0,172.9999999999999,4.5,3.5,45.14499419380002,59.99999999999999,-93.14677902224231,-1.1502277572320371e-15,-0.1923,0.0,-0.075,-0.0,-0.0,-257.67635,0.0,-28239.06214,0.0
88.0,176.9999999999999,4.5,3.5,45.263953597124875,59.99999999999999,-97.50087547492122,-1.1502277572320371e-15,-0.3662,0.0,-0.0765,-0.0,-0.0,-257.13809,0.0,-27981.92406,0.0
84.0,180.9999999999999,4.5,3.5,45.38291300044973,59.99999999999999,-101.95421080516606,-1.1502277572320371e-15,-0.5477,0.0,-0.0779,-0.0,-0.0,-256.59871,0.0,-27725.32535,0.0
80.0,184.9999999999999,4.5,3.5,45.50187240377459,59.99999999999999,-106.50676581579263,-1.1502277572320371e-15,-0.7125,0.0,-0.0793,-0.0,-0.0,-256.05823,0.0,-27469.26712,0.0
76.0,188.9999999999999,4.5,3.5,45.62083180709946,59.99999999999999,-111.15852088190623,-1.1502277572320371e-15,-0.8442,0.0,-0.0807,-0.0,-0.0,-255.51665,0.0,-27213.75047,0.0
72.0,192.9999999999999,4.5,3.5,45.739791210424315,59.99999999999999,-115.90945595098616,-1.1502277572320371e-15,-0.9345,0.0,-0.0821,-0.0,-0.0,-254.97396,0.0,-26958.77651,0.0
68.0,196.9999999999999,4.5,3.5,45.85875061374917,59.99999999999999,-120.75955054297225,-1.1502277572320371e-15,-0.9836,0.0,-0.0834,-0.0,-0.0,-254.43018,0.0,-26704.34634,0.0
64.0,200.9999999999999,4.5,3.5,45.97771001707403,59.99999999999999,-125.70878375035309,-1.1502277572320371e-15,-1.0,0.0,-0.0848,93.38922,-0.0003,-253.88529,0.0,-26450.46104,0.0
60.0,204.9999999999999,4.5,3.5,46.09666942039889,59.99999999999999,-130.75713423825619,-1.1502277572320371e-15,-1.0,0.0,-0.0861,1072.20675,-0.00341,-253.33932,0.0,-26197.12172,0.0
56.0,208.9999999999999,4.5,3.5,46.21562882372375,59.99999999999999,-135.90458024453991,-1.1502277572320371e-15,-1.0,0.0,-0.0875,13.21394,-4.0e-5,-252.79225,0.0,-25944.32947,0.0
52.0,212.9999999999999,4.5,3.5,46.334588227048606,59.99999999999999,-141.15109957988733,-1.1502277572320371e-15,-1.0,0.0,-0.0888,298.89448,-0.00093,-252.24409,0.0,-25692.08538,0.0
48.0,216.9999999999999,4.5,3.5,46.453547630373464,59.99999999999999,-146.49666962790184,-1.1502277572320371e-15,-1.0,0.0,-0.0901,224.26403,-0.00068,-251.69485,0.0,-25440.39054,0.0
44.0,220.9999999999999,4.5,3.5,46.57250703369832,59.99999999999999,-151.94126734520466,-1.1502277572320371e-15,-1.0,0.0,-0.0914,246.19357,-0.00072,-251.14452,0.0,-25189.24602,0.0
40.0,224.9999999999999,4.5,3.5,46.69146643702319,59.99999999999999,-157.48486926153424,-1.1502277572320371e-15,-1.0,0.0,-0.0927,242.16049,-0.00067,-250.5931,0.0,-24938.65292,0.0
36.0,228.9999999999999,4.5,3.5,46.810425840348046,59.99999999999999,-163.12745147984728,-1.1502277572320371e-15,-1.0,0.0,-0.0939,245.39025,-0.00064,-250.04061,0.0,-24688.6123,0.0
32.0,232.9999999999999,4.5,3.5,46.929385243672904,59.99999999999999,-168.86898967642188,-1.1502277572320371e-15,-1.0,0.0,-0.0952,245.50188,-0.00058,-249.48704,0.0,-24439.12526,0.0
28.0,236.9999999999999,4.5,3.5,47.04834464699776,59.99999999999999,-174.70945910096233,-1.1502277572320371e-15,-1.0,0.0,-0.0964,250.79407,-0.00054,-248.93239,0.0,-24190.19287,0.0
24.0,240.9999999999999,4.5,3.5,47.16730405032262,59.99999999999999,-180.64883457670587,-1.1502277572320371e-15,-1.0,0.0,-0.0977,238.4531,-0.00045,-248.37667,0.0,-23941.8162,0.0
20.0,244.9999999999999,4.5,3.5,47.28626345364748,59.99999999999999,-186.6870905005311,-1.1502277572320371e-15,-1.0,0.0,-0.0989,291.43398,-0.00046,-247.81988,0.0,-23693.99631,0.0
16.0,248.9999999999999,4.5,3.5,47.40522285697234,59.99999999999999,-192.82420084306844,-1.1502277572320371e-15,-1.0,0.0,-0.1001,275.33958,-0.00035,-247.26203,0.0,-23446.73429,0.0
12.0,252.9999999999999,4.5,3.5,47.524182260297195,59.99999999999999,-199.06013914881234,-1.1502277572320371e-15,-0.999,0.0,-0.1013,-0.0,-0.0,-246.7031,0.0,-23200.03119,0.0
8.0,256.9999999999999,4.5,3.5,47.64314166362205,59.99999999999999,-205.3948785362353,-1.1502277572320371e-15,-0.9968,0.0,-0.1025,-0.0,-0.0,-246.14311,0.0,-22953.88807,0.0
4.0,260.9999999999999,4.5,3.5,47.76210106694692,59.99999999999999,-211.82839169790367,-1.1502277572320371e-15,-1.0,0.0,-0.1036,4265.0663,-0.00131,-245.58206,0.0,-22708.30601,0.0
0.0,264.9999999999999,4.5,3.5,47.88106047027178,59.99999999999999,-218.36065090059557,-1.1502277572320371e-15,-1.0,0.0,-0.1048,-3403.13324,0.00083,-22708.30601,0.0,-22585.79603,0.0
