depth,dtb,radius,od,incl,hdng,x,y,dx,dy,dz,fx,fy,fz,friction,fn,fs
264.9999999999999,0.0,4.5,4.5,20.0,59.99999999999999,0.0,0.0,0.0,0.0,-0.0,-4.0e-5,-0.00108,-175.55251,0.0,-29824.44749,0.0
260.9090909090908,4.090909090909091,4.499999999999999,3.5,20.107768104062433,59.99999999999999,-0.04616774101452367,0.0,-0.3977,0.0,-0.0016,-0.0,-0.0,-350.86403,0.0,-29473.58346,0.0
256.8181818181817,8.181818181818182,4.5,3.5,20.215536208124867,59.99999999999999,-0.1846708007252084,0.0,-0.6967,0.0,-0.0031,-0.0,-0.0,-350.62181,0.0,-29122.96165,0.0
252.7272727272726,12.272727272727273,4.5,3.5,20.323304312187304,59.99999999999999,-0.41550868913385575,0.0,-0.8943,0.0,-0.0046,-0.0,-0.0,-350.37834,0.0,-28772.58332,0.0
248.6363636363635,16.363636363636363,4.5,3.5,20.431072416249737,59.99999999999999,-0.7386805895787947,0.0,-0.993,0.0,-0.0061,-0.0,-0.0,-350.13363,0.0,-28422.44968,0.0
244.54545454545442,20.454545454545457,4.5,3.5,20.538840520312174,59.99999999999999,-1.1541853587376776,0.0,-1.0,0.0,-0.0076,62.89415,-0.00013,-349.88769,0.0,-28072.562,0.0
240.45454545454535,24.545454545454547,4.5,3.5,20.646608624374608,59.99999999999999,-1.662021526631614,0.0,-0.9268,0.0,-0.009,-0.0,-0.0,-349.6405,0.0,-27722.9215,0.0
236.36363636363626,28.636363636363637,4.5,3.5,20.75437672843704,59.99999999999999,-2.2621872966302776,0.0,-0.7879,0.0,-0.0105,-0.0,-0.0,-349.39208,0.0,-27373.52941,0.0
232.27272727272717,32.72727272727273,4.5,3.5,20.862144832499478,59.99999999999999,-2.9546805454583596,0.0,-0.6018,0.0,-0.0119,-0.0,-0.0,-349.14243,0.0,-27024.38699,0.0
228.18181818181804,36.81818181818182,4.5,3.5,20.96991293656191,59.99999999999999,-3.739498823202985,0.0,-0.3907,0.0,-0.0133,-0.0,-0.0,-348.89153,0.0,-26675.49546,0.0
224.09090909090898,40.909090909090914,4.5,3.5,21.077681040624345,59.99999999999999,-4.616639353322473,0.0,-0.1805,0.0,-0.0147,-0.0,-0.0,-348.63941,0.0,-26326.85605,0.0
219.9999999999999,45.00000000000001,4.5,4.5,21.185449144686782,59.99999999999999,-5.58609903265607,0.0,0.0,0.0,-0.0161,1269.84293,0.00074,-333.86996,0.0,-25992.98608,0.0
216.2499999999999,48.75000000000001,4.5,3.5,21.28423657341068,59.99999999999999,-6.555867267257471,0.0,0.1182,-0.0,-0.0173,-0.0,-0.0,-319.13999,0.0,-25673.84609,0.0
212.4999999999999,52.50000000000001,4.5,3.5,21.38302400213458,59.99999999999999,-7.603203468398828,0.0,0.1937,-0.0,-0.0185,-0.0,-0.0,-318.92516,0.0,-25354.92093,0.0
208.7499999999999,56.25000000000001,4.5,3.5,21.481811430858478,59.99999999999999,-8.728104522614295,0.0,0.2332,-0.0,-0.0197,-0.0,-0.0,-318.70938,0.0,-25036.21155,0.0
204.9999999999999,60.00000000000001,4.5,3.5,21.580598859582377,59.99999999999999,-9.930567085857323,0.0,0.242,-0.0,-0.0209,-0.0,-0.0,-318.49265,0.0,-24717.7189,0.0
201.2499999999999,63.75000000000001,4.5,3.5,21.679386288306276,59.99999999999999,-11.210587583510593,0.0,0.2231,-0.0,-0.0221,-0.0,-0.0,-318.27497,0.0,-24399.44393,0.0
197.4999999999999,67.50000000000001,4.5,3.5,21.778173717030175,59.99999999999999,-12.568162210396647,0.0,0.1776,-0.0,-0.0233,-0.0,-0.0,-318.05635,0.0,-24081.38758,0.0
193.7499999999999,71.25000000000001,4.5,3.5,21.876961145754073,60.00000000000001,-14.003286930789201,3.715173433769722e-15,0.1044,-0.0,-0.0244,-0.0,-0.0,-317.83678,0.0,-23763.5508,0.0
189.9999999999999,75.00000000000001,4.5,4.5,21.975748574477972,59.99999999999999,-15.515957478425143,7.446334097917136e-15,0.0,-0.0,-0.0256,939.60378,-0.00344,-332.05337,0.0,-23431.49742,0.0
185.90909090909076,79.09090909090911,4.5,3.5,22.08351667854041,59.99999999999998,-17.254578976725924,3.3577565780658458e-15,-0.1504,0.0,-0.0268,-0.0,-0.0,-346.22688,0.0,-23085.27055,0.0
181.81818181818167,83.1818181818182,4.5,3.5,22.191284782602843,59.99999999999999,-19.08547491355037,-7.498194019600008e-16,-0.3214,0.0,-0.028,-0.0,-0.0,-345.96205,0.0,-22739.3085,0.0
177.7272727272726,87.2727272727273,4.5,3.5,22.299052886665276,59.99999999999999,-21.008638811527813,-7.498194019600008e-16,-0.4938,0.0,-0.0292,-0.0,-0.0,-345.696,0.0,-22393.6125,0.0
173.6363636363635,91.36363636363637,4.5,3.5,22.406820990727713,59.99999999999999,-23.02406386686055,-7.498194019600008e-16,-0.652,0.0,-0.0303,-0.0,-0.0,-345.42872,0.0,-22048.18378,0.0
169.54545454545442,95.45454545454545,4.5,3.5,22.514589094790146,59.99999999999999,-25.131742949348045,-7.498194019600008e-16,-0.7849,0.0,-0.0315,-0.0,-0.0,-345.16023,0.0,-21703.02356,0.0
165.45454545454535,99.54545454545455,4.5,3.5,22.62235719885258,59.99999999999999,-27.331668602412076,-7.498194019600008e-16,-0.8858,0.0,-0.0326,-0.0,-0.0,-344.89051,0.0,-21358.13305,0.0
161.36363636363626,103.63636363636363,4.5,3.5,22.730125302915017,59.99999999999999,-29.623833043123152,-7.498194019600008e-16,-0.9526,0.0,-0.0337,-0.0,-0.0,-344.61957,0.0,-21013.51348,0.0
157.27272727272717,107.7272727272727,4.5,3.5,22.83789340697745,59.99999999999999,-32.008228162228036,-7.498194019600008e-16,-0.9882,0.0,-0.0348,-0.0,-0.0,-344.34741,0.0,-20669.16606,0.0
153.1818181818181,111.8181818181818,4.5,3.5,22.945661511039884,59.99999999999999,-34.484845524178425,-7.498194019600008e-16,-1.0,0.0,-0.0359,38.48112,-0.0003,-344.07404,0.0,-20325.09203,0.0
149.090909090909,115.90909090909088,4.5,3.5,23.05342961510232,59.99999999999998,-37.05367636716082,-5.008854281995022e-15,-1.0,0.0,-0.0369,658.56989,-0.00522,-343.79945,0.0,-19981.29258,0.0
144.99999999999991,119.99999999999996,4.5,3.5,23.161197719164754,59.99999999999999,-39.71471160312748,-9.286754422167416e-15,-1.0,0.0,-0.038,484.40545,-0.00384,-343.52364,0.0,-19637.76894,0.0
140.90909090909085,124.09090909090905,4.5,3.5,23.268965823227187,59.99999999999999,-42.46794181782863,-9.286754422167416e-15,-0.9977,0.0,-0.039,-0.0,-0.0,-343.24661,0.0,-19294.52233,0.0
136.81818181818176,128.18181818181813,4.5,3.5,23.376733927289624,59.99999999999999,-45.31335727084571,-9.286754422167416e-15,-0.98,0.0,-0.04,-0.0,-0.0,-342.96837,0.0,-18951.55396,0.0
132.72727272727266,132.27272727272722,4.5,3.5,23.484502031352058,60.00000000000001,-48.25094789562586,-4.952349574792237e-15,-0.9359,0.0,-0.041,-0.0,-0.0,-342.68892,0.0,-18608.86504,0.0
128.6363636363636,136.3636363636363,4.5,3.5,23.592270135414495,59.99999999999999,-51.28070329951757,-5.991404048672525e-16,-0.8594,0.0,-0.0419,-0.0,-0.0,-342.40826,0.0,-18266.45678,0.0
124.5454545454545,140.45454545454538,4.5,3.5,23.70003823947693,59.99999999999999,-54.402612763807376,-5.991404048672525e-16,-0.7497,0.0,-0.0429,-0.0,-0.0,-342.12638,0.0,-17924.3304,0.0
120.45454545454542,144.54545454545448,4.5,3.5,23.80780634353936,59.99999999999999,-57.61666524375782,-5.991404048672525e-16,-0.6111,0.0,-0.0438,-0.0,-0.0,-341.8433,0.0,-17582.4871,0.0
116.36363636363633,148.63636363636354,4.5,3.5,23.9155744476018,59.99999999999999,-60.92284936864655,-5.991404048672525e-16,-0.4532,0.0,-0.0447,-0.0,-0.0,-341.559,0.0,-17240.9281,0.0
112.27272727272725,152.72727272727263,4.5,3.5,24.023342551664232,59.99999999999999,-64.32115344180649,-5.991404048672525e-16,-0.2909,0.0,-0.0456,-0.0,-0.0,-341.2735,0.0,-16899.6546,0.0
108.18181818181817,156.81818181818173,4.5,3.5,24.131110655726665,59.99999999999999,-67.81156544066725,-5.991404048672525e-16,-0.144,0.0,-0.0465,-0.0,-0.0,-340.98679,0.0,-16558.66782,0.0
104.09090909090908,160.9090909090908,4.5,3.5,24.238878759789102,59.99999999999999,-71.39407301679768,-5.991404048672525e-16,-0.0373,0.0,-0.0474,-0.0,-0.0,-340.69887,0.0,-16217.96895,0.0
100.0,164.9999999999999,4.5,4.5,24.346646863851536,59.99999999999999,-75.06866349594952,-5.991404048672525e-16,0.0,-0.0,-0.0482,2081.10482,-0.00526,-336.62742,0.0,-15881.34153,0.0
96.0,168.9999999999999,4.5,3.5,24.452020121157027,59.99999999999999,-78.75062011943437,-5.991404048672525e-16,-0.0516,-0.0,-0.049,-0.0,-0.0,-332.56753,0.0,-15548.774,0.0
92.0,172.9999999999999,4.5,3.5,24.55739337846252,59.99999999999999,-82.5205876638438,-5.991404048672525e-16,-0.1686,-0.0,-0.0498,-0.0,-0.0,-332.28885,0.0,-15216.48515,0.0
88.0,176.9999999999999,4.5,3.5,24.662766635768012,59.99999999999999,-86.37855337791976,-5.991404048672525e-16,-0.3218,-0.0,-0.0506,-0.0,-0.0,-332.00905,0.0,-14884.4761,0.0
84.0,180.9999999999999,4.5,3.5,24.768139893073506,59.99999999999999,-90.32450421276573,-5.991404048672525e-16,-0.4867,0.0,-0.0514,-0.0,-0.0,-331.72812,0.0,-14552.74798,0.0
80.0,184.9999999999999,4.5,3.5,24.873513150378997,59.99999999999999,-94.35842682189087,-5.991404048672525e-16,-0.6438,0.0,-0.0521,-0.0,-0.0,-331.44608,0.0,-14221.3019,0.0
76.0,188.9999999999999,4.5,3.5,24.978886407684488,59.99999999999999,-98.48030756125513,-5.991404048672525e-16,-0.7787,0.0,-0.0528,-0.0,-0.0,-331.16291,0.0,-13890.139,0.0
72.0,192.9999999999999,4.5,3.5,25.084259664989982,59.99999999999999,-102.69013248931545,-5.991404048672525e-16,-0.8825,0.0,-0.0535,-0.0,-0.0,-330.87862,0.0,-13559.26038,0.0
68.0,196.9999999999999,4.5,3.5,25.189632922295473,59.99999999999999,-106.98788736707283,-5.991404048672525e-16,-0.9515,0.0,-0.0542,-0.0,-0.0,-330.59321,0.0,-13228.66717,0.0
64.0,200.9999999999999,4.5,3.5,25.295006179600968,59.99999999999999,-111.3735576581206,-5.991404048672525e-16,-0.9881,0.0,-0.0549,-0.0,-0.0,-330.30668,0.0,-12898.36049,0.0
60.0,204.9999999999999,4.5,3.5,25.40037943690646,59.99999999999999,-115.8471285286935,-5.991404048672525e-16,-1.0,0.0,-0.0555,104.10113,-0.00031,-330.01904,0.0,-12568.34145,0.0
56.0,208.9999999999999,4.5,3.5,25.50575269421195,59.99999999999999,-120.40858484771788,-5.991404048672525e-16,-1.0,0.0,-0.0562,760.03742,-0.00236,-329.73028,0.0,-12238.61117,0.0
52.0,212.9999999999999,4.5,3.5,25.611125951517444,59.99999999999999,-125.05791118686288,-5.991404048672525e-16,-1.0,0.0,-0.0568,8.94228,-3.0e-5,-329.4404,0.0,-11909.17077,0.0
48.0,216.9999999999999,4.5,3.5,25.716499208822935,59.99999999999999,-129.79509182059263,-5.991404048672525e-16,-1.0,0.0,-0.0574,212.45089,-0.0007,-329.14941,0.0,-11580.02135,0.0
44.0,220.9999999999999,4.5,3.5,25.82187246612843,59.99999999999999,-134.62011072621942,-5.991404048672525e-16,-1.0,0.0,-0.058,160.21534,-0.00052,-328.85731,0.0,-11251.16404,0.0
40.0,224.9999999999999,4.5,3.5,25.92724572343392,59.99999999999999,-139.53295158395787,-5.991404048672525e-16,-1.0,0.0,-0.0586,176.35446,-0.00056,-328.5641,0.0,-10922.59994,0.0
36.0,228.9999999999999,4.5,3.5,26.03261898073941,59.99999999999999,-144.53359777698017,-5.991404048672525e-16,-1.0,0.0,-0.0591,174.71937,-0.00053,-328.26977,0.0,-10594.33017,0.0
32.0,232.9999999999999,4.5,3.5,26.137992238044905,59.99999999999999,-149.62203239147232,-5.991404048672525e-16,-1.0,0.0,-0.0597,175.79244,-0.0005,-327.97433,0.0,-10266.35584,0.0
28.0,236.9999999999999,4.5,3.5,26.243365495350396,59.99999999999999,-154.7982382166912,-5.991404048672525e-16,-1.0,0.0,-0.0602,183.79123,-0.00047,-327.67779,0.0,-9938.67805,0.0
24.0,240.9999999999999,4.5,3.5,26.34873875265589,59.99999999999999,-160.06219774502296,-5.991404048672525e-16,-1.0,0.0,-0.0607,161.36416,-0.00037,-327.38013,0.0,-9611.29792,0.0
20.0,244.9999999999999,4.5,3.5,26.45411200996138,59.99999999999999,-165.41389317204207,-5.991404048672525e-16,-1.0,0.0,-0.0612,253.69722,-0.00049,-327.08137,0.0,-9284.21655,0.0
16.0,248.9999999999999,4.5,3.5,26.559485267266872,59.99999999999999,-170.85330639657164,-5.991404048672525e-16,-1.0,0.0,-0.0617,136.92006,-0.00021,-326.7815,0.0,-8957.43504,0.0
12.0,252.9999999999999,4.5,3.5,26.664858524572367,59.99999999999999,-176.38041902074463,-5.991404048672525e-16,-0.9988,0.0,-0.0621,-0.0,-0.0,-326.48053,0.0,-8630.95451,0.0
8.0,256.9999999999999,4.5,3.5,26.770231781877857,59.99999999999999,-181.99521235006608,-5.991404048672525e-16,-0.9968,0.0,-0.0625,-0.0,-0.0,-326.17845,0.0,-8304.77606,0.0
4.0,260.9999999999999,4.5,3.5,26.875605039183352,59.99999999999999,-187.6976673934763,-5.991404048672525e-16,-1.0,0.0,-0.063,3685.1418,-0.00139,-325.87527,0.0,-7978.90078,0.0
0.0,264.9999999999999,4.5,3.5,26.980978296488843,59.99999999999999,-193.48776486341518,-5.991404048672525e-16,-1.0,-0.0,-0.0634,-3029.81598,0.00079,-7978.90078,0.0,-7816.11529,0.0
